0 0 1 0 0 265 117 18 204 408 108 261 162 177 211 69 247 496 88 415 151 230 270 226 287 382 256
0 0 1 0 0 290 64 547 130 148 74 301 108 394 151 506 183 71 51 148 113 356 203 363 209 206 207
0 0 1 0 0 362 218 97 240 498 256 340 268 242 297 127 317 571 257 485 301 273 372 261 386 427 402
0 0 1 0 0 1108 163 1366 163 974 211 1132 213 1232 231 1356 250 889 226 989 255 1204 310 1215 325 1055 357
0 0 1 0 0 311 378 68 464 452 369 307 424 224 472 138 498 540 347 459 410 279 531 270 546 426 519
0 0 1 0 0 1099 354 1355 427 961 361 1111 396 1203 443 1318 488 885 343 963 404 1168 496 1177 503 1022 496
0 0 1 0 0 280 363 78 414 390 361 272 404 204 436 113 465 456 357 391 395 246 487 240 503 361 483
0 0 1 0 0 949 341 1111 378 845 349 952 377 1011 404 1097 435 780 351 849 382 970 455 975 468 878 463
0 0 1 0 0 289 445 94 528 407 423 291 486 224 528 140 564 476 401 412 460 277 566 274 579 394 544
0 0 1 0 0 976 414 1156 474 859 413 977 457 1045 493 1130 528 787 400 857 449 999 543 1000 554 884 528
0 0 1 0 0 257 388 67 484 379 358 263 423 194 481 108 534 443 334 387 395 247 524 248 536 370 501
0 1 0 0 0 260 147 440 240 142 116 253 176 314 227 389 284 70 85 138 153 259 266 256 278 143 237
0 1 0 0 0 276 72 496 135 154 77 281 113 358 149 460 192 70 72 160 119 319 205 325 220 193 203
0 1 0 0 0 269 148 448 245 153 115 261 175 320 228 395 285 78 81 148 153 265 266 265 280 152 236
0 1 0 0 0 279 69 498 130 158 75 283 110 362 145 463 186 73 73 162 116 322 201 329 216 198 199
0 1 0 0 0 232 37 380 103 142 43 234 69 290 99 366 139 79 47 150 72 260 143 263 157 189 141
0 1 0 0 0 239 46 380 138 137 47 240 81 298 117 367 169 69 44 140 73 264 159 266 174 174 148
0 1 0 0 0 204 142 343 246 117 112 199 178 241 220 301 280 54 79 107 141 196 249 196 263 107 215
0 1 0 0 0 215 56 392 114 120 59 223 95 280 121 366 160 52 50 122 91 251 172 252 185 148 167
0 1 0 0 0 267 45 414 79 163 56 266 83 318 105 392 131 93 59 165 92 287 150 287 160 200 165
0 1 0 0 0 253 54 434 42 152 97 268 87 330 94 423 104 84 117 164 129 315 147 321 155 215 176
0 1 0 0 0 229 133 410 237 116 106 227 170 284 215 355 268 51 81 114 142 238 254 241 266 130 223
0 0 1 0 0 765 346 1038 455 577 341 759 417 861 485 995 547 440 331 571 410 789 570 794 594 598 555
0 0 1 0 0 745 364 1050 504 560 338 746 431 851 502 996 593 439 322 554 400 767 574 772 602 571 549
0 0 1 0 0 742 378 980 451 592 383 743 436 830 475 947 525 494 381 590 429 770 543 775 561 628 536
0 0 1 0 0 744 399 961 513 602 383 734 459 814 522 915 588 496 357 590 437 740 594 743 616 595 561
0 0 1 0 0 743 388 987 625 591 327 725 456 817 561 916 676 487 276 570 381 715 613 714 641 549 529
0 0 1 0 0 744 387 999 483 590 369 746 432 833 484 953 550 495 352 587 415 763 542 766 558 612 530
0 0 1 0 0 743 402 1058 584 550 356 750 473 850 555 984 662 427 335 539 422 768 623 774 644 558 579
0 0 1 0 0 727 365 1041 505 545 334 729 427 842 502 982 588 426 306 541 392 759 585 762 607 559 543
0 0 1 0 0 344 269 558 505 197 184 326 328 390 420 475 545 100 127 167 238 286 466 284 487 128 377
0 0 1 0 0 777 398 1057 497 617 389 783 454 879 509 1018 576 514 380 615 441 816 588 820 609 643 570
0 1 0 0 0 705 389 924 449 584 393 710 429 789 466 889 506 501 389 588 432 749 520 752 535 626 521
0 1 0 0 0 675 383 896 441 553 387 681 422 758 458 860 500 468 384 557 428 719 513 728 531 595 514
0 1 0 0 0 777 400 992 628 608 314 745 453 815 561 906 686 501 243 584 371 727 606 719 639 568 514
0 1 0 0 0 394 108 657 142 249 143 404 163 502 191 599 216 145 160 261 193 455 267 463 289 315 290
0 1 0 0 0 717 330 1079 417 524 354 743 406 862 456 1018 524 387 355 529 416 791 559 797 579 593 563
0 1 0 0 0 736 409 935 527 590 377 733 451 798 511 882 591 498 356 585 426 748 556 752 571 613 529
0 1 0 0 0 718 392 912 470 590 382 724 428 803 471 888 528 506 375 593 427 752 517 756 533 632 522
0 0 0 1 0 734 370 991 494 565 356 724 433 803 482 924 568 452 334 559 406 741 559 749 580 586 551
0 0 0 1 0 743 364 982 501 597 348 738 430 806 479 921 569 484 316 589 400 743 549 751 579 604 529
0 0 0 1 0 766 412 955 561 634 377 748 463 806 522 889 616 537 337 621 421 739 575 738 596 613 537
0 0 0 1 0 747 414 950 593 610 365 728 468 791 539 878 636 512 319 595 405 721 593 724 617 591 555
0 0 0 1 0 731 384 960 480 605 380 727 437 802 483 911 551 504 359 602 423 753 548 759 571 630 536
0 0 0 1 0 736 376 976 457 588 375 736 428 817 468 927 528 483 363 589 421 768 547 770 570 627 562
0 0 0 1 0 766 406 957 559 611 363 742 462 807 532 887 622 509 323 599 410 734 584 732 605 597 554
0 0 0 1 0 748 375 961 441 620 389 752 423 823 457 923 505 517 388 626 435 778 530 781 546 660 559
0 0 0 1 0 762 442 905 653 639 367 727 488 773 570 833 691 554 299 616 401 691 603 684 629 582 548
0 0 0 1 0 742 408 937 572 610 361 723 460 789 534 863 628 512 315 594 405 710 581 708 599 578 549
0 0 0 1 0 732 372 981 538 569 337 713 438 788 499 908 608 462 308 559 395 721 574 723 601 570 533
0 0 0 1 0 769 413 975 591 623 366 749 472 814 549 906 654 523 324 607 411 735 607 736 632 599 568
0 0 0 1 0 744 468 849 668 639 379 705 503 733 577 772 691 574 309 618 410 659 599 651 616 576 510
0 0 0 1 0 774 422 969 588 633 370 750 472 811 535 897 634 534 323 616 415 737 584 734 608 607 552
0 0 0 1 0 767 390 992 515 629 375 758 443 833 499 938 575 527 359 627 422 783 562 787 581 654 535
0 0 0 1 0 734 405 967 539 598 387 728 464 793 512 904 599 490 358 591 437 740 581 740 602 608 559
0 0 0 1 0 740 389 960 502 610 375 733 440 804 489 902 569 516 357 606 422 754 551 757 567 627 527
0 0 0 1 0 731 428 934 590 589 374 716 480 774 546 853 648 495 332 573 421 695 594 696 616 562 552
0 0 0 1 0 748 369 991 477 590 364 742 426 821 477 930 549 479 349 591 413 765 549 768 568 627 549
1 0 0 0 0 408 169 629 304 286 147 406 224 478 285 581 354 196 118 270 184 422 338 434 354 272 305
1 0 0 0 0 326 165 548 301 204 141 325 219 398 283 501 353 116 113 189 180 341 334 350 352 191 301
1 0 0 0 0 434 177 657 282 291 162 435 236 513 290 623 347 194 136 284 202 454 355 459 370 297 346
1 0 0 0 0 323 186 516 346 202 139 311 240 365 305 456 393 115 104 186 181 305 351 306 366 171 298
1 0 0 0 0 364 136 603 199 233 137 372 186 459 227 572 270 140 130 232 178 412 293 417 304 261 311
1 0 0 0 0 293 119 508 248 174 98 292 173 362 237 451 304 87 77 163 139 308 293 311 308 165 261
1 0 0 0 0 336 199 548 312 216 170 335 241 405 298 504 355 120 134 204 209 353 340 357 350 211 315
1 0 0 0 0 387 89 660 186 243 90 398 149 489 199 617 251 147 85 241 137 438 270 447 283 272 267
1 0 0 0 0 361 173 607 306 226 151 358 231 440 299 549 366 127 124 216 198 375 347 382 364 214 322
1 0 0 0 0 363 162 611 301 229 139 362 220 442 290 556 357 128 115 219 189 379 337 384 355 218 312
1 0 0 0 0 357 161 603 299 222 142 354 221 435 291 546 357 120 112 212 189 371 336 376 354 211 313
1 0 0 0 0 311 112 565 172 175 125 322 167 415 205 535 238 83 125 177 167 377 281 384 293 218 294
1 0 0 0 0 298 90 552 148 164 102 310 143 403 184 527 214 71 105 166 144 366 260 373 270 206 273
1 0 0 0 0 298 95 553 154 163 108 310 150 404 190 526 219 70 108 165 149 366 264 375 275 204 275
1 0 0 0 0 245 117 481 209 118 113 255 170 327 215 439 261 41 102 117 152 282 275 292 289 137 266
1 0 0 0 0 234 206 447 359 117 162 237 262 296 328 395 400 37 120 102 199 234 371 238 383 84 314
1 0 0 0 0 309 135 577 230 160 138 327 199 410 246 533 293 65 122 156 182 360 315 369 333 172 298
1 0 0 0 0 303 146 559 244 150 140 311 201 397 251 514 304 62 118 150 182 350 312 354 327 181 310
1 0 0 0 0 217 49 39 97 317 58 207 89 151 117 70 146 385 57 317 90 182 165 176 174 292 178
1 0 0 0 0 238 204 376 277 179 141 266 183 318 201 393 230 135 100 199 121 330 151 340 146 257 84
1 0 0 0 0 222 160 374 155 147 132 241 130 292 120 366 109 90 113 152 105 279 73 289 65 191 47
1 0 0 0 0 142 218 80 358 147 140 112 221 85 266 51 329 154 85 123 139 52 240 41 244 59 146
1 0 0 0 0 142 218 80 358 147 140 112 221 85 266 51 329 154 85 123 139 52 240 41 244 59 146
1 0 0 0 0 171 138 62 178 223 98 153 118 113 126 58 140 262 75 211 80 116 87 108 83 178 46
1 0 0 0 0 185 149 67 187 241 108 166 128 123 133 59 150 278 83 230 90 124 97 116 91 186 55
1 0 0 0 0 260 169 415 145 181 152 275 136 322 121 400 104 126 145 188 127 305 75 309 64 207 64
1 0 0 0 0 141 208 64 335 200 158 159 233 139 286 105 348 240 117 218 178 185 298 185 310 254 236
1 0 0 0 0 177 185 98 61 195 259 147 188 112 151 67 88 211 310 171 264 80 182 71 180 107 268
1 0 0 0 0 207 137 327 78 140 147 207 107 249 76 301 44 92 158 136 127 217 47 220 37 138 68
1 0 0 0 0 188 158 48 110 268 158 181 125 140 102 74 75 321 157 268 131 167 62 162 53 262 66
1 0 0 0 0 181 233 234 384 133 166 158 262 165 314 185 394 101 116 111 182 114 316 108 327 59 235
1 0 0 0 0 162 146 33 61 244 172 165 112 130 76 69 30 299 192 252 148 168 49 166 38 259 82
1 0 0 0 0 170 221 194 62 131 290 141 196 143 139 147 61 109 345 106 278 91 142 84 135 46 233
1 0 0 0 0 173 60 41 77 248 77 166 91 116 108 51 124 299 87 245 103 134 150 132 158 215 163
1 0 0 0 0 195 137 319 36 150 207 228 149 276 122 341 77 111 255 174 223 299 167 309 167 243 251
1 0 0 0 0 194 187 332 271 148 123 230 172 279 192 347 228 105 79 167 105 291 146 299 145 229 72
1 0 0 0 0 209 137 58 100 294 133 200 106 153 86 75 62 349 132 290 105 175 43 170 37 268 36
1 0 0 0 0 191 170 282 65 134 200 183 136 206 95 246 39 92 231 119 180 166 76 164 66 96 117
1 0 0 0 0 172 190 222 325 121 130 150 214 159 265 180 331 90 87 102 145 115 267 111 273 60 197
1 0 0 0 0 92 192 125 44 107 272 125 183 146 132 165 58 111 330 132 269 187 155 196 150 193 249
1 0 0 0 0 188 215 224 61 142 285 163 189 167 130 180 58 115 336 119 271 116 134 111 125 67 219
1 0 0 0 0 187 204 306 301 150 140 220 191 267 216 325 256 116 95 172 125 284 175 294 173 227 99
1 0 0 0 0 228 63 79 76 308 84 217 93 163 109 91 120 363 95 303 108 181 153 176 159 270 168
1 0 0 0 0 210 165 336 73 169 231 244 179 293 154 353 116 131 277 187 249 314 200 323 202 254 280
1 0 0 0 0 193 159 62 72 274 183 194 122 156 85 97 39 329 203 282 158 196 56 193 46 288 86
1 0 0 0 0 220 179 76 126 302 179 212 144 167 120 98 87 355 181 303 154 196 79 192 69 292 86
0 1 0 0 0 141 185 83 49 146 258 114 186 82 137 48 75 156 308 124 258 52 164 39 160 67 242
0 1 0 0 0 226 214 74 289 290 148 199 195 140 216 63 243 333 109 266 130 127 164 113 159 206 106
0 1 0 0 0 227 105 63 93 302 143 210 137 150 141 73 145 360 165 289 170 158 192 150 200 250 219
0 1 0 0 0 167 181 243 66 116 225 152 161 175 112 203 54 80 259 104 205 136 100 134 88 85 155
0 1 0 0 0 198 246 85 373 234 164 168 237 119 276 57 323 261 111 209 154 95 228 80 228 139 150
0 1 0 0 0 185 163 48 117 267 163 183 135 139 108 74 77 319 164 266 137 166 72 162 62 244 79
0 1 0 0 0 181 176 54 59 260 207 192 147 153 96 109 33 315 235 269 180 197 70 200 56 276 111
0 1 0 0 0 168 189 89 49 186 272 135 189 99 146 53 87 199 323 161 277 65 182 53 180 97 269
0 1 0 0 0 208 211 311 74 136 257 194 181 226 124 263 58 88 293 125 231 180 107 178 94 107 167
0 1 0 0 0 232 100 81 44 299 154 205 122 150 113 81 97 347 188 282 176 150 164 140 170 225 218
0 1 0 0 0 225 185 389 215 154 141 244 157 308 162 383 163 100 117 168 118 300 108 310 98 218 71
0 1 0 0 0 224 186 70 259 295 121 197 163 138 178 59 203 343 80 271 98 131 123 117 114 207 59
0 1 0 0 0 154 245 146 398 131 176 130 258 122 314 110 383 118 127 109 185 81 304 70 314 63 229
0 1 0 0 0 170 101 289 38 123 149 187 117 238 99 297 78 86 179 138 164 247 137 258 143 191 187
0 1 0 0 0 256 183 413 104 161 196 256 147 310 110 378 65 99 211 159 166 272 72 274 58 174 93
0 1 0 0 0 170 226 88 332 193 163 147 218 108 256 62 301 214 120 172 156 85 225 72 224 112 155
0 1 0 0 0 252 103 83 76 328 146 230 131 166 129 92 131 385 174 311 173 174 182 164 191 263 221
0 1 0 0 0 199 215 283 111 147 255 189 196 214 150 246 94 112 283 136 235 180 133 174 126 125 186
0 1 0 0 0 227 184 344 68 149 223 217 157 252 106 296 47 97 251 137 196 209 86 208 72 130 129
0 0 1 0 0 242 107 414 152 153 120 253 142 315 166 388 194 90 123 154 145 283 212 290 221 183 211
0 1 0 0 0 222 95 71 116 307 107 217 124 162 140 91 163 362 114 300 133 179 182 174 193 267 186
0 1 0 0 0 163 173 97 33 179 254 135 172 105 129 64 68 189 304 156 256 73 160 62 157 96 246
0 0 1 0 0 320 262 147 321 419 271 314 303 256 332 175 368 485 270 419 305 294 385 287 396 399 383
0 0 1 0 0 224 245 284 79 163 317 195 217 209 157 229 71 123 368 139 298 150 156 142 141 95 242
0 0 1 0 0 122 260 208 391 100 177 154 253 193 296 241 355 81 123 124 169 224 256 236 258 191 171
0 0 1 0 0 352 262 167 255 439 303 329 299 263 305 180 309 503 323 427 332 281 366 274 376 384 396
0 0 1 0 0 224 101 60 152 325 104 221 139 163 170 84 201 390 101 325 136 200 216 196 227 305 211
0 0 1 0 0 259 125 109 192 348 112 263 155 210 191 142 235 412 106 354 140 253 233 251 241 350 213
0 0 1 0 0 116 239 47 380 174 175 136 262 120 320 94 394 212 131 196 193 172 326 177 339 229 250
0 0 1 0 0 300 106 137 156 400 106 298 143 240 175 162 208 465 106 400 139 276 221 271 232 381 219
0 0 1 0 0 187 99 31 37 254 160 161 124 101 112 29 89 299 196 238 183 101 166 90 172 177 228
0 0 1 0 0 338 229 503 285 244 234 340 267 395 297 476 331 179 227 244 266 362 347 367 361 260 340
0 0 1 0 0 284 245 457 242 202 276 303 276 369 284 448 290 143 293 212 303 350 342 356 351 253 366
0 0 1 0 0 308 245 469 294 220 248 314 278 371 304 445 335 163 246 221 275 340 350 344 360 242 341
0 0 1 0 0 305 238 489 247 216 270 323 272 388 289 466 302 151 282 220 297 362 348 368 357 259 367
0 0 1 0 0 264 144 428 87 191 202 288 172 353 157 435 140 142 238 209 226 353 220 361 227 271 274
0 0 1 0 0 235 138 393 56 171 210 266 161 331 141 408 114 125 256 192 232 336 205 348 213 257 274
0 0 1 0 0 216 158 343 244 135 137 210 187 255 228 309 273 85 120 129 162 211 259 212 270 127 226
0 0 1 0 0 185 98 39 167 273 86 188 131 137 169 68 211 331 73 278 115 176 209 172 221 273 183
0 0 1 0 0 225 79 44 71 316 116 208 114 141 121 52 127 379 138 306 149 156 182 149 191 262 215
0 0 1 0 0 211 52 66 98 291 49 208 84 155 108 88 139 342 46 293 74 192 151 187 162 279 141
0 0 1 0 0 236 114 76 141 322 127 230 147 172 167 95 189 381 134 321 152 196 213 193 226 291 221
0 0 0 1 0 296 292 414 372 222 271 287 320 325 357 378 405 171 250 218 296 291 387 291 398 217 362
0 0 0 1 0 215 102 347 62 155 150 233 126 277 118 349 107 109 178 169 170 282 162 289 169 221 204
0 0 0 1 0 223 102 76 147 311 102 222 135 175 160 105 193 374 99 311 129 201 205 197 218 293 199
0 0 0 1 0 201 177 60 147 263 218 189 203 140 203 65 194 313 242 251 239 140 247 131 256 206 282
0 0 0 1 0 225 181 93 250 302 171 227 211 186 241 129 284 361 158 303 199 213 277 211 289 294 261
0 0 0 1 0 218 69 345 54 150 106 231 97 270 98 336 97 101 125 161 129 269 141 274 147 199 168
0 0 0 1 0 204 268 86 353 291 244 215 300 181 333 126 386 351 222 300 266 222 365 221 376 303 340
0 0 0 1 0 308 152 418 220 236 137 301 178 336 209 384 253 184 120 231 161 303 240 305 251 234 221
0 0 0 1 0 219 182 73 132 285 236 201 205 147 195 76 187 335 273 265 258 141 246 130 250 210 294
0 0 0 1 0 297 252 429 282 221 259 302 280 341 296 410 323 169 258 222 281 323 338 328 350 245 339
0 0 0 1 0 304 316 132 310 384 349 290 345 232 351 144 362 443 369 371 378 239 407 230 418 329 434
0 0 0 1 0 280 123 392 196 209 108 273 151 309 181 356 228 156 90 203 133 275 213 275 224 207 190
0 0 0 1 0 211 97 341 83 147 130 225 125 267 125 332 130 95 146 158 152 259 168 265 176 195 195
1 0 0 0 0 709 390 958 528 576 370 711 450 790 519 902 586 476 341 566 418 724 567 732 584 565 533
0 0 0 0 1 756 414 982 564 617 385 754 483 821 554 925 626 515 332 604 430 755 598 754 612 586 561
0 0 0 0 1 792 387 982 507 667 385 794 454 861 506 963 564 558 365 660 435 811 566 813 582 667 562
0 0 0 0 1 766 443 933 613 638 388 739 500 783 574 839 656 552 324 611 426 712 604 709 620 571 536
0 0 0 0 1 754 447 936 617 629 393 742 503 785 573 877 664 547 337 609 433 720 610 722 627 587 538
0 0 0 0 1 769 428 982 581 633 398 757 492 819 559 918 631 538 349 615 445 751 604 750 611 589 571
0 0 0 0 1 770 400 1022 532 625 388 774 475 850 539 970 600 516 361 616 440 786 597 790 611 610 568
0 0 0 0 1 760 389 1020 511 619 386 768 457 847 521 959 573 509 368 614 434 790 586 798 607 615 581
0 0 0 0 1 754 417 989 589 614 379 750 487 817 569 926 649 516 327 600 427 755 607 759 625 583 568
0 0 0 0 1 786 440 962 618 659 391 770 505 813 578 895 662 564 338 636 435 742 611 743 626 591 557
0 0 0 0 1 763 430 981 624 629 383 753 496 810 570 916 666 538 325 614 426 742 609 747 630 587 545
0 0 0 0 1 754 420 984 583 609 383 750 487 817 558 926 641 507 337 596 429 747 611 749 626 574 569
0 0 0 0 1 751 435 964 588 618 390 744 490 804 565 903 644 533 328 605 430 735 591 739 607 589 526
0 0 0 0 1 753 437 918 581 645 389 739 483 781 546 861 616 577 336 627 424 723 569 724 580 609 506
0 0 0 0 1 771 435 1008 595 623 397 764 498 832 573 949 652 525 348 613 449 764 622 768 640 598 576
0 0 0 0 1 776 427 1021 551 631 408 779 495 851 559 973 626 520 378 620 460 786 619 790 639 612 606
0 0 0 0 1 769 407 1021 544 613 387 766 475 843 544 962 607 509 353 602 437 777 598 781 615 604 569
0 0 0 0 1 745 393 1004 498 619 391 765 456 840 507 958 562 519 373 616 439 786 570 792 585 624 573
0 0 0 0 1 751 438 948 635 622 379 736 498 790 583 881 681 539 320 602 421 720 619 722 636 562 546
0 0 0 0 1 780 400 1028 537 636 384 782 475 856 538 973 611 517 351 622 439 788 603 793 620 623 574
0 0 0 0 1 771 414 959 572 640 377 757 479 811 551 908 629 541 332 624 423 751 600 751 618 606 556
0 0 0 0 1 762 415 973 581 632 378 750 479 815 559 907 633 536 327 612 421 746 602 747 618 585 545
0 0 0 0 1 759 415 998 588 613 378 757 486 829 563 936 646 524 322 602 421 760 606 760 620 590 534
0 0 0 0 1 751 415 1001 595 597 373 749 484 820 568 932 656 506 316 582 421 747 620 750 636 565 532
0 0 0 0 1 759 424 985 621 606 367 745 497 802 585 909 687 509 307 583 417 719 634 723 654 543 555
0 0 0 0 1 760 418 941 611 642 365 746 479 795 561 870 654 561 308 617 403 722 593 722 609 578 520
0 0 0 0 1 750 418 975 567 617 393 746 480 814 548 916 616 527 352 604 436 754 593 756 607 600 552
0 0 0 0 1 754 427 949 650 631 366 733 485 787 577 867 681 549 300 604 398 711 602 710 623 560 526
0 0 0 0 1 680 425 460 634 829 363 697 496 642 582 539 684 925 297 850 408 719 618 717 637 886 553
0 0 0 0 1 678 420 428 560 817 403 672 491 595 559 486 625 919 360 827 450 658 608 660 624 831 573
0 0 0 0 1 663 379 411 466 804 394 650 445 569 491 453 530 917 386 806 443 618 559 615 573 776 569
0 0 0 0 1 666 425 445 569 805 397 674 488 609 557 509 625 898 352 820 440 672 603 672 617 832 556
0 0 0 0 1 675 417 487 585 799 371 683 476 637 543 547 633 881 319 817 409 701 581 705 596 835 518
0 0 0 0 1 675 431 469 623 805 382 688 501 632 577 535 670 893 322 825 427 705 612 705 627 863 553
0 0 0 0 1 651 404 413 536 798 390 652 475 580 539 467 600 906 364 808 441 646 594 645 610 815 565
0 0 0 0 1 671 379 405 493 813 377 666 446 584 512 456 569 922 359 820 426 635 575 633 596 822 572
0 0 0 0 1 677 452 499 686 804 376 700 512 653 602 570 710 873 296 826 410 728 621 728 636 878 539
0 0 0 0 1 654 439 477 585 779 403 666 502 623 564 541 632 874 357 797 448 689 602 691 617 834 566
0 0 0 0 1 670 426 442 597 810 385 675 493 612 566 506 644 910 338 826 430 680 613 681 627 852 565
0 0 0 0 1 664 422 406 560 819 400 665 488 585 556 459 629 916 361 824 453 649 614 650 632 816 584
0 0 0 0 1 645 420 416 555 786 397 647 490 583 553 476 620 894 362 798 445 645 608 644 626 817 587
